step,allocator,w_aggressive,w_balanced,w_conservative
0,equal_weight,0.3333333333333333,0.3333333333333333,0.3333333333333333
1,equal_weight,0.3333333333333333,0.3333333333333333,0.3333333333333333
2,equal_weight,0.3333333333333333,0.3333333333333333,0.3333333333333333
3,equal_weight,0.3333333333333333,0.3333333333333333,0.3333333333333333
4,equal_weight,0.3333333333333333,0.3333333333333333,0.3333333333333333
5,equal_weight,0.3333333333333333,0.3333333333333333,0.3333333333333333
6,equal_weight,0.3333333333333333,0.3333333333333333,0.3333333333333333
7,equal_weight,0.3333333333333333,0.3333333333333333,0.3333333333333333
8,equal_weight,0.3333333333333333,0.3333333333333333,0.3333333333333333
9,equal_weight,0.3333333333333333,0.3333333333333333,0.3333333333333333
10,equal_weight,0.3333333333333333,0.3333333333333333,0.3333333333333333
11,equal_weight,0.3333333333333333,0.3333333333333333,0.3333333333333333
12,equal_weight,0.3333333333333333,0.3333333333333333,0.3333333333333333
13,equal_weight,0.3333333333333333,0.3333333333333333,0.3333333333333333
14,equal_weight,0.3333333333333333,0.3333333333333333,0.3333333333333333
15,equal_weight,0.3333333333333333,0.3333333333333333,0.3333333333333333
16,equal_weight,0.3333333333333333,0.3333333333333333,0.3333333333333333
17,equal_weight,0.3333333333333333,0.3333333333333333,0.3333333333333333
18,equal_weight,0.3333333333333333,0.3333333333333333,0.3333333333333333
19,equal_weight,0.3333333333333333,0.3333333333333333,0.3333333333333333
20,equal_weight,0.3333333333333333,0.3333333333333333,0.3333333333333333
21,equal_weight,0.3333333333333333,0.3333333333333333,0.3333333333333333
22,equal_weight,0.3333333333333333,0.3333333333333333,0.3333333333333333
23,equal_weight,0.3333333333333333,0.3333333333333333,0.3333333333333333
24,equal_weight,0.3333333333333333,0.3333333333333333,0.3333333333333333
25,equal_weight,0.3333333333333333,0.3333333333333333,0.3333333333333333
26,equal_weight,0.3333333333333333,0.3333333333333333,0.3333333333333333
27,equal_weight,0.3333333333333333,0.3333333333333333,0.3333333333333333
28,equal_weight,0.3333333333333333,0.3333333333333333,0.3333333333333333
29,equal_weight,0.3333333333333333,0.3333333333333333,0.3333333333333333
30,equal_weight,0.3333333333333333,0.3333333333333333,0.3333333333333333
31,equal_weight,0.3333333333333333,0.3333333333333333,0.3333333333333333
32,equal_weight,0.3333333333333333,0.3333333333333333,0.3333333333333333
33,equal_weight,0.3333333333333333,0.3333333333333333,0.3333333333333333
34,equal_weight,0.3333333333333333,0.3333333333333333,0.3333333333333333
35,equal_weight,0.3333333333333333,0.3333333333333333,0.3333333333333333
36,equal_weight,0.3333333333333333,0.3333333333333333,0.3333333333333333
37,equal_weight,0.3333333333333333,0.3333333333333333,0.3333333333333333
38,equal_weight,0.3333333333333333,0.3333333333333333,0.3333333333333333
39,equal_weight,0.3333333333333333,0.3333333333333333,0.3333333333333333
40,equal_weight,0.3333333333333333,0.3333333333333333,0.3333333333333333
41,equal_weight,0.3333333333333333,0.3333333333333333,0.3333333333333333
42,equal_weight,0.3333333333333333,0.3333333333333333,0.3333333333333333
43,equal_weight,0.3333333333333333,0.3333333333333333,0.3333333333333333
44,equal_weight,0.3333333333333333,0.3333333333333333,0.3333333333333333
45,equal_weight,0.3333333333333333,0.3333333333333333,0.3333333333333333
46,equal_weight,0.3333333333333333,0.3333333333333333,0.3333333333333333
47,equal_weight,0.3333333333333333,0.3333333333333333,0.3333333333333333
48,equal_weight,0.3333333333333333,0.3333333333333333,0.3333333333333333
49,equal_weight,0.3333333333333333,0.3333333333333333,0.3333333333333333
50,equal_weight,0.3333333333333333,0.3333333333333333,0.3333333333333333
51,equal_weight,0.3333333333333333,0.3333333333333333,0.3333333333333333
52,equal_weight,0.3333333333333333,0.3333333333333333,0.3333333333333333
53,equal_weight,0.3333333333333333,0.3333333333333333,0.3333333333333333
54,equal_weight,0.3333333333333333,0.3333333333333333,0.3333333333333333
55,equal_weight,0.3333333333333333,0.3333333333333333,0.3333333333333333
56,equal_weight,0.3333333333333333,0.3333333333333333,0.3333333333333333
57,equal_weight,0.3333333333333333,0.3333333333333333,0.3333333333333333
58,equal_weight,0.3333333333333333,0.3333333333333333,0.3333333333333333
59,equal_weight,0.3333333333333333,0.3333333333333333,0.3333333333333333
60,equal_weight,0.3333333333333333,0.3333333333333333,0.3333333333333333
61,equal_weight,0.3333333333333333,0.3333333333333333,0.3333333333333333
62,equal_weight,0.3333333333333333,0.3333333333333333,0.3333333333333333
63,equal_weight,0.3333333333333333,0.3333333333333333,0.3333333333333333
64,equal_weight,0.3333333333333333,0.3333333333333333,0.3333333333333333
65,equal_weight,0.3333333333333333,0.3333333333333333,0.3333333333333333
66,equal_weight,0.3333333333333333,0.3333333333333333,0.3333333333333333
67,equal_weight,0.3333333333333333,0.3333333333333333,0.3333333333333333
68,equal_weight,0.3333333333333333,0.3333333333333333,0.3333333333333333
69,equal_weight,0.3333333333333333,0.3333333333333333,0.3333333333333333
70,equal_weight,0.3333333333333333,0.3333333333333333,0.3333333333333333
71,equal_weight,0.3333333333333333,0.3333333333333333,0.3333333333333333
72,equal_weight,0.3333333333333333,0.3333333333333333,0.3333333333333333
73,equal_weight,0.3333333333333333,0.3333333333333333,0.3333333333333333
74,equal_weight,0.3333333333333333,0.3333333333333333,0.3333333333333333
75,equal_weight,0.3333333333333333,0.3333333333333333,0.3333333333333333
76,equal_weight,0.3333333333333333,0.3333333333333333,0.3333333333333333
77,equal_weight,0.3333333333333333,0.3333333333333333,0.3333333333333333
78,equal_weight,0.3333333333333333,0.3333333333333333,0.3333333333333333
79,equal_weight,0.3333333333333333,0.3333333333333333,0.3333333333333333
80,equal_weight,0.3333333333333333,0.3333333333333333,0.3333333333333333
81,equal_weight,0.3333333333333333,0.3333333333333333,0.3333333333333333
82,equal_weight,0.3333333333333333,0.3333333333333333,0.3333333333333333
83,equal_weight,0.3333333333333333,0.3333333333333333,0.3333333333333333
84,equal_weight,0.3333333333333333,0.3333333333333333,0.3333333333333333
85,equal_weight,0.3333333333333333,0.3333333333333333,0.3333333333333333
86,equal_weight,0.3333333333333333,0.3333333333333333,0.3333333333333333
87,equal_weight,0.3333333333333333,0.3333333333333333,0.3333333333333333
88,equal_weight,0.3333333333333333,0.3333333333333333,0.3333333333333333
89,equal_weight,0.3333333333333333,0.3333333333333333,0.3333333333333333
90,equal_weight,0.3333333333333333,0.3333333333333333,0.3333333333333333
91,equal_weight,0.3333333333333333,0.3333333333333333,0.3333333333333333
92,equal_weight,0.3333333333333333,0.3333333333333333,0.3333333333333333
93,equal_weight,0.3333333333333333,0.3333333333333333,0.3333333333333333
94,equal_weight,0.3333333333333333,0.3333333333333333,0.3333333333333333
95,equal_weight,0.3333333333333333,0.3333333333333333,0.3333333333333333
96,equal_weight,0.3333333333333333,0.3333333333333333,0.3333333333333333
97,equal_weight,0.3333333333333333,0.3333333333333333,0.3333333333333333
98,equal_weight,0.3333333333333333,0.3333333333333333,0.3333333333333333
99,equal_weight,0.3333333333333333,0.3333333333333333,0.3333333333333333
100,equal_weight,0.3333333333333333,0.3333333333333333,0.3333333333333333
101,equal_weight,0.3333333333333333,0.3333333333333333,0.3333333333333333
102,equal_weight,0.3333333333333333,0.3333333333333333,0.3333333333333333
103,equal_weight,0.3333333333333333,0.3333333333333333,0.3333333333333333
104,equal_weight,0.3333333333333333,0.3333333333333333,0.3333333333333333
105,equal_weight,0.3333333333333333,0.3333333333333333,0.3333333333333333
106,equal_weight,0.3333333333333333,0.3333333333333333,0.3333333333333333
107,equal_weight,0.3333333333333333,0.3333333333333333,0.3333333333333333
108,equal_weight,0.3333333333333333,0.3333333333333333,0.3333333333333333
109,equal_weight,0.3333333333333333,0.3333333333333333,0.3333333333333333
110,equal_weight,0.3333333333333333,0.3333333333333333,0.3333333333333333
111,equal_weight,0.3333333333333333,0.3333333333333333,0.3333333333333333
112,equal_weight,0.3333333333333333,0.3333333333333333,0.3333333333333333
113,equal_weight,0.3333333333333333,0.3333333333333333,0.3333333333333333
114,equal_weight,0.3333333333333333,0.3333333333333333,0.3333333333333333
115,equal_weight,0.3333333333333333,0.3333333333333333,0.3333333333333333
116,equal_weight,0.3333333333333333,0.3333333333333333,0.3333333333333333
117,equal_weight,0.3333333333333333,0.3333333333333333,0.3333333333333333
118,equal_weight,0.3333333333333333,0.3333333333333333,0.3333333333333333
119,equal_weight,0.3333333333333333,0.3333333333333333,0.3333333333333333
120,equal_weight,0.3333333333333333,0.3333333333333333,0.3333333333333333
121,equal_weight,0.3333333333333333,0.3333333333333333,0.3333333333333333
122,equal_weight,0.3333333333333333,0.3333333333333333,0.3333333333333333
123,equal_weight,0.3333333333333333,0.3333333333333333,0.3333333333333333
124,equal_weight,0.3333333333333333,0.3333333333333333,0.3333333333333333
125,equal_weight,0.3333333333333333,0.3333333333333333,0.3333333333333333
126,equal_weight,0.3333333333333333,0.3333333333333333,0.3333333333333333
127,equal_weight,0.3333333333333333,0.3333333333333333,0.3333333333333333
128,equal_weight,0.3333333333333333,0.3333333333333333,0.3333333333333333
129,equal_weight,0.3333333333333333,0.3333333333333333,0.3333333333333333
130,equal_weight,0.3333333333333333,0.3333333333333333,0.3333333333333333
131,equal_weight,0.3333333333333333,0.3333333333333333,0.3333333333333333
132,equal_weight,0.3333333333333333,0.3333333333333333,0.3333333333333333
133,equal_weight,0.3333333333333333,0.3333333333333333,0.3333333333333333
134,equal_weight,0.3333333333333333,0.3333333333333333,0.3333333333333333
135,equal_weight,0.3333333333333333,0.3333333333333333,0.3333333333333333
136,equal_weight,0.3333333333333333,0.3333333333333333,0.3333333333333333
137,equal_weight,0.3333333333333333,0.3333333333333333,0.3333333333333333
138,equal_weight,0.3333333333333333,0.3333333333333333,0.3333333333333333
139,equal_weight,0.3333333333333333,0.3333333333333333,0.3333333333333333
140,equal_weight,0.3333333333333333,0.3333333333333333,0.3333333333333333
141,equal_weight,0.3333333333333333,0.3333333333333333,0.3333333333333333
142,equal_weight,0.3333333333333333,0.3333333333333333,0.3333333333333333
143,equal_weight,0.3333333333333333,0.3333333333333333,0.3333333333333333
144,equal_weight,0.3333333333333333,0.3333333333333333,0.3333333333333333
145,equal_weight,0.3333333333333333,0.3333333333333333,0.3333333333333333
146,equal_weight,0.3333333333333333,0.3333333333333333,0.3333333333333333
147,equal_weight,0.3333333333333333,0.3333333333333333,0.3333333333333333
148,equal_weight,0.3333333333333333,0.3333333333333333,0.3333333333333333
149,equal_weight,0.3333333333333333,0.3333333333333333,0.3333333333333333
150,equal_weight,0.3333333333333333,0.3333333333333333,0.3333333333333333
151,equal_weight,0.3333333333333333,0.3333333333333333,0.3333333333333333
152,equal_weight,0.3333333333333333,0.3333333333333333,0.3333333333333333
153,equal_weight,0.3333333333333333,0.3333333333333333,0.3333333333333333
154,equal_weight,0.3333333333333333,0.3333333333333333,0.3333333333333333
155,equal_weight,0.3333333333333333,0.3333333333333333,0.3333333333333333
156,equal_weight,0.3333333333333333,0.3333333333333333,0.3333333333333333
157,equal_weight,0.3333333333333333,0.3333333333333333,0.3333333333333333
158,equal_weight,0.3333333333333333,0.3333333333333333,0.3333333333333333
159,equal_weight,0.3333333333333333,0.3333333333333333,0.3333333333333333
160,equal_weight,0.3333333333333333,0.3333333333333333,0.3333333333333333
161,equal_weight,0.3333333333333333,0.3333333333333333,0.3333333333333333
162,equal_weight,0.3333333333333333,0.3333333333333333,0.3333333333333333
163,equal_weight,0.3333333333333333,0.3333333333333333,0.3333333333333333
164,equal_weight,0.3333333333333333,0.3333333333333333,0.3333333333333333
165,equal_weight,0.3333333333333333,0.3333333333333333,0.3333333333333333
166,equal_weight,0.3333333333333333,0.3333333333333333,0.3333333333333333
167,equal_weight,0.3333333333333333,0.3333333333333333,0.3333333333333333
168,equal_weight,0.3333333333333333,0.3333333333333333,0.3333333333333333
169,equal_weight,0.3333333333333333,0.3333333333333333,0.3333333333333333
170,equal_weight,0.3333333333333333,0.3333333333333333,0.3333333333333333
171,equal_weight,0.3333333333333333,0.3333333333333333,0.3333333333333333
172,equal_weight,0.3333333333333333,0.3333333333333333,0.3333333333333333
173,equal_weight,0.3333333333333333,0.3333333333333333,0.3333333333333333
174,equal_weight,0.3333333333333333,0.3333333333333333,0.3333333333333333
175,equal_weight,0.3333333333333333,0.3333333333333333,0.3333333333333333
176,equal_weight,0.3333333333333333,0.3333333333333333,0.3333333333333333
177,equal_weight,0.3333333333333333,0.3333333333333333,0.3333333333333333
178,equal_weight,0.3333333333333333,0.3333333333333333,0.3333333333333333
179,equal_weight,0.3333333333333333,0.3333333333333333,0.3333333333333333
180,equal_weight,0.3333333333333333,0.3333333333333333,0.3333333333333333
181,equal_weight,0.3333333333333333,0.3333333333333333,0.3333333333333333
182,equal_weight,0.3333333333333333,0.3333333333333333,0.3333333333333333
183,equal_weight,0.3333333333333333,0.3333333333333333,0.3333333333333333
184,equal_weight,0.3333333333333333,0.3333333333333333,0.3333333333333333
185,equal_weight,0.3333333333333333,0.3333333333333333,0.3333333333333333
186,equal_weight,0.3333333333333333,0.3333333333333333,0.3333333333333333
187,equal_weight,0.3333333333333333,0.3333333333333333,0.3333333333333333
188,equal_weight,0.3333333333333333,0.3333333333333333,0.3333333333333333
189,equal_weight,0.3333333333333333,0.3333333333333333,0.3333333333333333
0,vol_regime,0.6,0.3,0.1
1,vol_regime,0.3,0.4,0.3
2,vol_regime,0.3,0.4,0.3
3,vol_regime,0.6,0.3,0.1
4,vol_regime,0.3,0.4,0.3
5,vol_regime,0.3,0.4,0.3
6,vol_regime,0.3,0.4,0.3
7,vol_regime,0.3,0.4,0.3
8,vol_regime,0.3,0.4,0.3
9,vol_regime,0.3,0.4,0.3
10,vol_regime,0.3,0.4,0.3
11,vol_regime,0.3,0.4,0.3
12,vol_regime,0.3,0.4,0.3
13,vol_regime,0.3,0.4,0.3
14,vol_regime,0.3,0.4,0.3
15,vol_regime,0.3,0.4,0.3
16,vol_regime,0.3,0.4,0.3
17,vol_regime,0.3,0.4,0.3
18,vol_regime,0.3,0.4,0.3
19,vol_regime,0.3,0.4,0.3
20,vol_regime,0.3,0.4,0.3
21,vol_regime,0.3,0.4,0.3
22,vol_regime,0.3,0.4,0.3
23,vol_regime,0.3,0.4,0.3
24,vol_regime,0.3,0.4,0.3
25,vol_regime,0.3,0.4,0.3
26,vol_regime,0.3,0.4,0.3
27,vol_regime,0.3,0.4,0.3
28,vol_regime,0.3,0.4,0.3
29,vol_regime,0.3,0.4,0.3
30,vol_regime,0.3,0.4,0.3
31,vol_regime,0.3,0.4,0.3
32,vol_regime,0.3,0.4,0.3
33,vol_regime,0.3,0.4,0.3
34,vol_regime,0.3,0.4,0.3
35,vol_regime,0.3,0.4,0.3
36,vol_regime,0.3,0.4,0.3
37,vol_regime,0.3,0.4,0.3
38,vol_regime,0.3,0.4,0.3
39,vol_regime,0.3,0.4,0.3
40,vol_regime,0.3,0.4,0.3
41,vol_regime,0.3,0.4,0.3
42,vol_regime,0.3,0.4,0.3
43,vol_regime,0.3,0.4,0.3
44,vol_regime,0.3,0.4,0.3
45,vol_regime,0.3,0.4,0.3
46,vol_regime,0.3,0.4,0.3
47,vol_regime,0.3,0.4,0.3
48,vol_regime,0.3,0.4,0.3
49,vol_regime,0.3,0.4,0.3
50,vol_regime,0.3,0.4,0.3
51,vol_regime,0.3,0.4,0.3
52,vol_regime,0.3,0.4,0.3
53,vol_regime,0.3,0.4,0.3
54,vol_regime,0.3,0.4,0.3
55,vol_regime,0.3,0.4,0.3
56,vol_regime,0.3,0.4,0.3
57,vol_regime,0.3,0.4,0.3
58,vol_regime,0.3,0.4,0.3
59,vol_regime,0.6,0.3,0.1
60,vol_regime,0.3,0.4,0.3
61,vol_regime,0.6,0.3,0.1
62,vol_regime,0.6,0.3,0.1
63,vol_regime,0.6,0.3,0.1
64,vol_regime,0.6,0.3,0.1
65,vol_regime,0.6,0.3,0.1
66,vol_regime,0.6,0.3,0.1
67,vol_regime,0.6,0.3,0.1
68,vol_regime,0.6,0.3,0.1
69,vol_regime,0.6,0.3,0.1
70,vol_regime,0.6,0.3,0.1
71,vol_regime,0.6,0.3,0.1
72,vol_regime,0.6,0.3,0.1
73,vol_regime,0.6,0.3,0.1
74,vol_regime,0.6,0.3,0.1
75,vol_regime,0.6,0.3,0.1
76,vol_regime,0.3,0.4,0.3
77,vol_regime,0.3,0.4,0.3
78,vol_regime,0.3,0.4,0.3
79,vol_regime,0.3,0.4,0.3
80,vol_regime,0.3,0.4,0.3
81,vol_regime,0.3,0.4,0.3
82,vol_regime,0.3,0.4,0.3
83,vol_regime,0.3,0.4,0.3
84,vol_regime,0.3,0.4,0.3
85,vol_regime,0.3,0.4,0.3
86,vol_regime,0.3,0.4,0.3
87,vol_regime,0.3,0.2,0.5
88,vol_regime,0.3,0.2,0.5
89,vol_regime,0.3,0.2,0.5
90,vol_regime,0.3,0.2,0.5
91,vol_regime,0.3,0.2,0.5
92,vol_regime,0.3,0.2,0.5
93,vol_regime,0.3,0.2,0.5
94,vol_regime,0.3,0.2,0.5
95,vol_regime,0.3,0.2,0.5
96,vol_regime,0.3,0.2,0.5
97,vol_regime,0.3,0.2,0.5
98,vol_regime,0.3,0.2,0.5
99,vol_regime,0.3,0.2,0.5
100,vol_regime,0.3,0.2,0.5
101,vol_regime,0.3,0.2,0.5
102,vol_regime,0.3,0.2,0.5
103,vol_regime,0.3,0.2,0.5
104,vol_regime,0.3,0.2,0.5
105,vol_regime,0.3,0.2,0.5
106,vol_regime,0.3,0.2,0.5
107,vol_regime,0.3,0.2,0.5
108,vol_regime,0.3,0.4,0.3
109,vol_regime,0.3,0.4,0.3
110,vol_regime,0.3,0.4,0.3
111,vol_regime,0.3,0.4,0.3
112,vol_regime,0.3,0.4,0.3
113,vol_regime,0.3,0.4,0.3
114,vol_regime,0.3,0.4,0.3
115,vol_regime,0.3,0.4,0.3
116,vol_regime,0.3,0.4,0.3
117,vol_regime,0.3,0.4,0.3
118,vol_regime,0.3,0.4,0.3
119,vol_regime,0.3,0.4,0.3
120,vol_regime,0.3,0.4,0.3
121,vol_regime,0.3,0.4,0.3
122,vol_regime,0.3,0.4,0.3
123,vol_regime,0.3,0.4,0.3
124,vol_regime,0.3,0.4,0.3
125,vol_regime,0.3,0.4,0.3
126,vol_regime,0.3,0.4,0.3
127,vol_regime,0.3,0.4,0.3
128,vol_regime,0.6,0.3,0.1
129,vol_regime,0.6,0.3,0.1
130,vol_regime,0.6,0.3,0.1
131,vol_regime,0.6,0.3,0.1
132,vol_regime,0.6,0.3,0.1
133,vol_regime,0.6,0.3,0.1
134,vol_regime,0.6,0.3,0.1
135,vol_regime,0.6,0.3,0.1
136,vol_regime,0.6,0.3,0.1
137,vol_regime,0.6,0.3,0.1
138,vol_regime,0.3,0.4,0.3
139,vol_regime,0.3,0.4,0.3
140,vol_regime,0.6,0.3,0.1
141,vol_regime,0.6,0.3,0.1
142,vol_regime,0.3,0.4,0.3
143,vol_regime,0.3,0.4,0.3
144,vol_regime,0.3,0.4,0.3
145,vol_regime,0.3,0.4,0.3
146,vol_regime,0.3,0.4,0.3
147,vol_regime,0.3,0.4,0.3
148,vol_regime,0.3,0.4,0.3
149,vol_regime,0.3,0.4,0.3
150,vol_regime,0.3,0.4,0.3
151,vol_regime,0.3,0.4,0.3
152,vol_regime,0.3,0.4,0.3
153,vol_regime,0.3,0.4,0.3
154,vol_regime,0.3,0.2,0.5
155,vol_regime,0.3,0.2,0.5
156,vol_regime,0.3,0.2,0.5
157,vol_regime,0.3,0.2,0.5
158,vol_regime,0.3,0.2,0.5
159,vol_regime,0.3,0.2,0.5
160,vol_regime,0.3,0.2,0.5
161,vol_regime,0.3,0.2,0.5
162,vol_regime,0.3,0.2,0.5
163,vol_regime,0.3,0.2,0.5
164,vol_regime,0.3,0.2,0.5
165,vol_regime,0.3,0.2,0.5
166,vol_regime,0.3,0.2,0.5
167,vol_regime,0.3,0.2,0.5
168,vol_regime,0.3,0.2,0.5
169,vol_regime,0.3,0.2,0.5
170,vol_regime,0.3,0.2,0.5
171,vol_regime,0.3,0.2,0.5
172,vol_regime,0.3,0.2,0.5
173,vol_regime,0.3,0.2,0.5
174,vol_regime,0.6,0.3,0.1
175,vol_regime,0.6,0.3,0.1
176,vol_regime,0.3,0.4,0.3
177,vol_regime,0.6,0.3,0.1
178,vol_regime,0.6,0.3,0.1
179,vol_regime,0.6,0.3,0.1
180,vol_regime,0.6,0.3,0.1
181,vol_regime,0.6,0.3,0.1
182,vol_regime,0.6,0.3,0.1
183,vol_regime,0.3,0.4,0.3
184,vol_regime,0.3,0.4,0.3
185,vol_regime,0.3,0.4,0.3
186,vol_regime,0.3,0.4,0.3
187,vol_regime,0.3,0.4,0.3
188,vol_regime,0.3,0.4,0.3
189,vol_regime,0.3,0.4,0.3
0,hmm,0.998584953218699,0.0014144615307097228,5.852505912279911e-07
1,hmm,0.9964718405358137,0.003527469464675536,6.899995106767121e-07
2,hmm,0.9818462471415225,0.01814740110989175,6.351748585819064e-06
3,hmm,0.9967486039491333,0.003246497795233993,4.898255632700006e-06
4,hmm,0.925600300719657,0.07437104927720611,2.8650003136823282e-05
5,hmm,0.9310462977426907,0.06886182127082681,9.18809864825427e-05
6,hmm,0.9436545710275307,0.05628925859671349,5.6170375755829256e-05
7,hmm,0.9519791327704953,0.04797658382430406,4.428340520074955e-05
8,hmm,0.7444585371914894,0.255254045316508,0.00028741749200274675
9,hmm,0.7112347498811062,0.28847951100784264,0.0002857391110510329
10,hmm,0.10723246094345593,0.8914733935597927,0.0012941454967513029
11,hmm,0.020384586647221217,0.9786854819742535,0.0009299313785252352
12,hmm,0.014066301659579717,0.9851593229465653,0.0007743753938549285
13,hmm,0.024659399751326642,0.9744379714123119,0.0009026288363613889
14,hmm,0.10779394542904927,0.8909381049988654,0.0012679495720853225
15,hmm,0.2792882404936819,0.7193331809753389,0.0013785785309791067
16,hmm,0.4147517996219167,0.5841834522226285,0.001064748155454814
17,hmm,0.42351092908982635,0.5756224759517738,0.0008665949583997959
18,hmm,0.4312044409378429,0.5681546833421846,0.000640875719972395
19,hmm,0.42822109326831326,0.5704815895881289,0.0012973171435578233
20,hmm,0.6621754172655837,0.3372168094362435,0.0006077732981727422
21,hmm,0.8139409087339405,0.1857610335564771,0.00029805770958233935
22,hmm,0.23790441357363523,0.7602354119377138,0.0018601744886510305
23,hmm,0.21265479321345157,0.7864524499641862,0.0008927568223622321
24,hmm,0.2538691978965546,0.7448009723216297,0.0013298297818157656
25,hmm,0.13103239260944638,0.8672054401750015,0.001762167215552112
26,hmm,0.09702982696358149,0.9019659020498909,0.0010042709865275615
27,hmm,0.07400334159853014,0.9251331333584172,0.0008635250430525671
28,hmm,0.14687134998679713,0.8519356928169907,0.0011929571962122837
29,hmm,0.13641788374480057,0.8622098398940383,0.0013722763611610704
30,hmm,0.504108709716482,0.4947154152984746,0.0011758749850432177
31,hmm,0.8857577003123236,0.11390846667687268,0.0003338330108038592
32,hmm,0.9832907713135343,0.016660781561096048,4.844712536963854e-05
33,hmm,0.9925187266916731,0.007467461909672982,1.3811398653955804e-05
34,hmm,0.9948073866593038,0.005189546890503127,3.066450193058899e-06
35,hmm,0.995944657485896,0.004053455163175347,1.8873509286772283e-06
36,hmm,0.9918730292410862,0.008124478728167697,2.492030746085422e-06
37,hmm,0.9951634886390931,0.004833680149000484,2.8312119063634338e-06
38,hmm,0.990492048581344,0.009504696956976885,3.2544616791612263e-06
39,hmm,0.7361483309663635,0.2636387448144817,0.00021292421915489467
40,hmm,0.7617937925168442,0.23795248151470474,0.00025372596845100976
41,hmm,0.6260363593540028,0.3735563257444531,0.0004073149015441245
42,hmm,0.523609864216546,0.4753417583532586,0.0010483774301953477
43,hmm,0.34552490714084555,0.6534164722735157,0.0010586205856387408
44,hmm,0.06338686420543975,0.9343178980604453,0.0022952377341149007
45,hmm,0.07330882446474171,0.9255598676617821,0.0011313078734761413
46,hmm,0.10955275801245792,0.8893585384551469,0.0010887035323951428
47,hmm,0.14106048055311265,0.857948453977485,0.0009910654694023462
48,hmm,0.19280131616662205,0.8062405840614958,0.0009580997718821218
49,hmm,0.3478695979122309,0.6511724115644612,0.0009579905233079104
50,hmm,0.5923574639937349,0.40699560530817663,0.0006469306980885609
51,hmm,0.7364546693191044,0.2631455399446267,0.0003997907362689088
52,hmm,0.8763888118399418,0.12342176640812946,0.00018942175192882387
53,hmm,0.9747085776193753,0.025236924755319436,5.449762530522839e-05
54,hmm,0.9923488735897414,0.0076405800429665376,1.0546367291950055e-05
55,hmm,0.9948830040350409,0.0051135207155728465,3.475249386311278e-06
56,hmm,0.9955816914599089,0.004416477001906352,1.8315381847545308e-06
57,hmm,0.9906247949183445,0.009371743814188,3.4612674675675134e-06
58,hmm,0.9917183535060048,0.008277482519327363,4.163974667828174e-06
59,hmm,0.9983118164381345,0.001685376978993201,2.806582872264843e-06
60,hmm,0.9954804087779155,0.004518370799713774,1.220422370591113e-06
61,hmm,0.9982543634526749,0.0017445533411611165,1.0832061639442622e-06
62,hmm,0.999495829743913,0.0005038346241841669,3.3563190280196985e-07
63,hmm,0.9997656656871308,0.00023423372316572048,1.0058970341951736e-07
64,hmm,0.9999627431965101,3.7152560324039547e-05,1.0424316585726379e-07
65,hmm,0.9999630693766359,3.690605168220084e-05,2.4571681927616655e-08
66,hmm,0.9999641661961418,3.581618684194864e-05,1.7617016298065964e-08
67,hmm,0.9999666005363741,3.3381536896915284e-05,1.792672910056585e-08
68,hmm,0.9999644908454622,3.5493076659397275e-05,1.6077878426181224e-08
69,hmm,0.9999649438925561,3.50382244416637e-05,1.7883002299119537e-08
70,hmm,0.9998607870536121,0.00013917629330131785,3.665308663270401e-08
71,hmm,0.9999325244251257,6.743714481677493e-05,3.8430057451963316e-08
72,hmm,0.9999127394316919,8.723317793044307e-05,2.7390377730894523e-08
73,hmm,0.9999172784750899,8.269093435447771e-05,3.059055569848348e-08
74,hmm,0.9958568632021804,0.004142443124587073,6.936732326753623e-07
75,hmm,0.9991805300222135,0.0008183535706036071,1.1164071829065237e-06
76,hmm,0.9632388141007082,0.03675680168320787,4.3842160839157674e-06
77,hmm,0.909672820145026,0.09023246415822549,9.471569674855797e-05
78,hmm,0.939809481448123,0.060120828244278,6.969030759899695e-05
79,hmm,0.957698818671425,0.04225704875600688,4.413257256802556e-05
80,hmm,0.6686881054311219,0.33089644135835505,0.0004154532105228638
81,hmm,0.6254092423785746,0.3742092361153082,0.0003815215061171193
82,hmm,0.05183481827487087,0.9461198178063301,0.002045363918799028
83,hmm,0.009057773316330826,0.9902124928785707,0.0007297338050985071
84,hmm,0.004343323813664513,0.994927062861176,0.000729613325159624
85,hmm,0.004061361342773998,0.9952657650284357,0.0006728736287903068
86,hmm,0.00012895918119021265,0.9986884943974713,0.0011825464213383401
87,hmm,5.066361815876553e-06,0.9978816244476268,0.0021133091905572816
88,hmm,1.5705024181371796e-10,0.9157949748633276,0.08420502497962219
89,hmm,9.586551997538019e-08,0.9811645288565751,0.018835375277904833
90,hmm,1.3080599858829454e-07,0.9944206465136488,0.005579222680352671
91,hmm,3.910508791045124e-09,0.9863307668786233,0.01366922921086789
92,hmm,2.120360258041677e-08,0.9928167010280502,0.007183277768347306
93,hmm,1.8770365913181233e-08,0.9940629257121338,0.00593705551750022
94,hmm,1.837103957630684e-07,0.9968553507835911,0.003144465506013152
95,hmm,2.389815471309363e-07,0.9978410225742146,0.002158738444238197
96,hmm,6.829341489100424e-08,0.9961348698600122,0.003865061846572936
97,hmm,2.969594750521474e-07,0.9979727171200978,0.0020269859204271284
98,hmm,2.4484412058883685e-07,0.998021167920426,0.0019785872354535577
99,hmm,2.0110909448750283e-07,0.997970277796674,0.0020295210942314654
100,hmm,1.1700424672764794e-06,0.9987219198552431,0.0012769101022897607
101,hmm,5.70895046516454e-07,0.9984411569971731,0.001558272107780466
102,hmm,1.8591480969069225e-06,0.9984821678795996,0.0015159729723035064
103,hmm,2.8783490630732855e-06,0.9989807353124902,0.0010163863384467053
104,hmm,3.178363279302597e-06,0.9990347293652688,0.0009620922714518273
105,hmm,1.9737018585327486e-06,0.9988670164578752,0.0011310098402662993
106,hmm,1.0011848006115184e-05,0.9991320977216506,0.0008578904303432665
107,hmm,0.00010939930359969328,0.9992370916007721,0.0006535090956281327
108,hmm,0.000837137716828601,0.9970435359520706,0.002119326331100824
109,hmm,0.012584038571349595,0.9865034065494711,0.0009125548791793945
110,hmm,0.011624885247202534,0.9874293996249113,0.0009457151278861016
111,hmm,0.012916352148556753,0.9854681099914951,0.0016155378599480546
112,hmm,0.010099370794680344,0.9881388622597813,0.0017617669455384495
113,hmm,0.015503852673585339,0.9835763733427371,0.0009197739836775679
114,hmm,0.04092644820695745,0.9580155289031927,0.0010580228898497556
115,hmm,0.06165537768034535,0.9371479763903584,0.0011966459292962574
116,hmm,0.18765805993379156,0.8106016772015548,0.0017402628646536545
117,hmm,0.371558474113438,0.6272524665056832,0.001189059380878825
118,hmm,0.6212049882271872,0.378174044562273,0.0006209672105399167
119,hmm,0.7814839241358035,0.2181775013278539,0.000338574536342693
120,hmm,0.5924955971055771,0.40662657257494034,0.0008778303194825755
121,hmm,0.6233588930887182,0.37619272344270144,0.0004483834685803958
122,hmm,0.8175880414573782,0.1821304012465972,0.0002815572960245761
123,hmm,0.9189075348400032,0.08097038358265628,0.00012208157734048237
124,hmm,0.8728856746166517,0.12696204185646381,0.0001522835268845233
125,hmm,0.8959779742529331,0.10388145494874644,0.00014057079832036215
126,hmm,0.9297617360834666,0.07015365212468064,8.461179185281358e-05
127,hmm,0.954828529706491,0.045122474331012456,4.899596249644948e-05
128,hmm,0.9944584084051945,0.0055257646775523014,1.5826917253213353e-05
129,hmm,0.9983427047880319,0.0016557398658767378,1.5553460912601655e-06
130,hmm,0.998170864404797,0.001828583083989257,5.525112137438111e-07
131,hmm,0.9993772324054215,0.0006220960894823237,6.715050962253862e-07
132,hmm,0.9982282010303781,0.0017713500656182384,4.489040036381689e-07
133,hmm,0.9994376349072068,0.000562007026621577,3.580661715154031e-07
134,hmm,0.9984639920410544,0.0015356503027480236,3.576561975027238e-07
135,hmm,0.998907234246288,0.0010924239680233086,3.4178568868001607e-07
136,hmm,0.9981491605231827,0.0018502133918620013,6.260849552848936e-07
137,hmm,0.9987108352754368,0.001288667904960822,4.968196022846378e-07
138,hmm,0.9945762692675633,0.005422813565725472,9.171667113301851e-07
139,hmm,0.9957519804797498,0.004245106282182744,2.9132380675169853e-06
140,hmm,0.9987586563229323,0.001240286142395821,1.0575346719853586e-06
141,hmm,0.9988799533652417,0.0011197643757269054,2.822590313730697e-07
142,hmm,0.9945860634114517,0.005413097137940678,8.394506076549579e-07
143,hmm,0.9971596713908298,0.0028388041311650483,1.5244780051569752e-06
144,hmm,0.9883200387441635,0.011676059421359212,3.901834477309309e-06
145,hmm,0.9944699113000639,0.0055254500237852285,4.638676150907607e-06
146,hmm,0.9920024964285096,0.007993689266258234,3.8143052321174407e-06
147,hmm,0.9923232857170473,0.007672011083303863,4.703199648907487e-06
148,hmm,0.9909358958720903,0.009059804107876367,4.3000200332984856e-06
149,hmm,0.9913768035767826,0.008618784271146944,4.412152070380024e-06
150,hmm,0.9658909016862357,0.03409143517147802,1.7663142286281048e-05
151,hmm,0.9791939951468615,0.020779989275229605,2.601557790895702e-05
152,hmm,0.983415964880756,0.016566576252644915,1.7458866599113783e-05
153,hmm,0.9720991741457604,0.027872536405737728,2.8289448501774575e-05
154,hmm,1.4823316702492537e-06,0.9323077144041709,0.06769080326415879
155,hmm,4.542399890647936e-06,0.9943499060843299,0.005645551515779271
156,hmm,7.328663489832607e-06,0.9987918474828984,0.0012008238536117856
157,hmm,5.9396934020206156e-06,0.9990261512160558,0.0009679090905422366
158,hmm,1.674770714404498e-06,0.9985638041213969,0.001434521107888717
159,hmm,7.5310928620479365e-06,0.9991461695180495,0.0008462993890885465
160,hmm,3.8221613918206545e-06,0.9989851094830893,0.0010110683555188981
161,hmm,1.691488689710817e-06,0.9986793661385328,0.0013189423727774795
162,hmm,6.0565553829548694e-06,0.9991088601325915,0.0008850833120255245
163,hmm,4.859644419716942e-06,0.999078172750183,0.0009169676053971755
164,hmm,1.5923218881663042e-05,0.9992442383937836,0.0007398383873347985
165,hmm,6.381586359825621e-06,0.9988748196212823,0.0011187987923577804
166,hmm,7.742411388285557e-06,0.9989342996098052,0.0010579579788065356
167,hmm,5.461257219837425e-06,0.998872387155425,0.0011221515873552255
168,hmm,1.0592592284640606e-05,0.9991976981436469,0.0007917092640683455
169,hmm,6.899332888333545e-06,0.9991302801854315,0.0008628204816801617
170,hmm,3.600681166283584e-05,0.9992818190419391,0.0006821741463980208
171,hmm,2.0902525008848523e-05,0.999256934364389,0.0007221631106021035
172,hmm,4.047124660832684e-05,0.9993051905556054,0.0006543381977862437
173,hmm,6.154523254815038e-05,0.9992317168976096,0.0007067378698420939
174,hmm,0.235182688818035,0.7616086002685126,0.0032087109134524695
175,hmm,0.80354090691538,0.19555455704941493,0.0009045360352049952
176,hmm,0.9694013776483519,0.03046702079803367,0.00013160155361450782
177,hmm,0.9959899559033555,0.003997925846064194,1.2118250580356823e-05
178,hmm,0.9990351805480256,0.0009637390581111972,1.0803938632262594e-06
179,hmm,0.9985100199528718,0.001489638882843158,3.411642849482998e-07
180,hmm,0.9990616427751869,0.0009380287478835073,3.284769296366134e-07
181,hmm,0.9993568894939903,0.0006429081623341667,2.0234367564509398e-07
182,hmm,0.9986997715210889,0.0012999983823810204,2.3009653000189634e-07
183,hmm,0.005877374106232235,0.993404990115148,0.000717635778619873
184,hmm,0.004194167674227644,0.9951475889905033,0.0006582433352691693
185,hmm,0.0019068221354165233,0.9969170243442484,0.0011761535203350794
186,hmm,0.008200156523759166,0.9910208017789737,0.0007790416972673103
187,hmm,0.008910982778838167,0.9899436384044247,0.0011453788167371504
188,hmm,0.012959185014387902,0.9862289764768893,0.0008118385087228112
189,hmm,0.004637950269632749,0.9943999097034087,0.0009621400269585178
